0000627002838915 0000 176824
0001582606112153 0001 988879
0001693321423251 0001 227500
0001644137833945 0001 174890
0000919513934357 0000 648035
0000988522750693 0000 611519
0000874894407332 0000 711905
0001930829451101 0001 815229
0000544429213621 0000 12703
0001374305234686 0001 873530
0001869314733947 0001 634897
0001862237642877 0001 571463
0001345115429252 0001 214573
0000987840188831 0000 705603
0000827272387817 0000 109568
0001937915865954 0001 792987
0001549476649037 0001 883344
0000491338344110 0000 140101
0001495045422071 0001 95706
0000895396625079 0000 189727
0001036422467999 0001 6924
0001116001308033 0001 33511
0000320357889356 0000 236706
0000620736748047 0000 84813
0001119430887676 0001 1994
0000226946683422 0000 521930
0001965075405392 0001 38008
0001808125071755 0001 189990
0001775631606111 0001 500714
0000457256481563 0000 254258
0000840516247854 0000 30283
0001657004260752 0001 232909
0000543493000258 0000 133131
0000217864878149 0000 912443
0001110763257267 0001 498900
0000562870744622 0000 785001
0001265386140307 0001 605227
0001519171952706 0001 306460
0000809075461611 0000 985041
0000958467649691 0000 321467
0001762672757218 0001 847919
0000083942419059 0000 669937
0001094867439286 0001 448586
0001522616558068 0001 55271
0000777872639169 0000 327661
0001675107723372 0001 346365
0000046713685215 0000 328407
0001563148256079 0001 414160
0000278215029614 0000 906892
0000021585634980 0000 38666
